10
03
567
10
03
477
10
2342
10
203
10
03
237
10
03
677
10
03
359
10
03
484
10
03
539
10
03
688
10
03
668
10
03
586
10
184
10
03
618
10
03
922
10
03
485
10
03
153
10
03
165
10
03
541
10
03
746
10
03
707
10
03
318
10
03
647
10
03
852
10
03
707
10
03
404
10
03
718
10
03
889
10
03
277
10
03
367
10
03
320
10
03
552
10
03
808
10
03
909
10
03
567
10
03
456
10
03
533
10
03
484
10
03
278
10
03
697
10
03
354
10
03
888
10
03
333
10
03
816
10
03
772
10
03
248
10
03
182
10
03
747
10
03
192
10
03
974
10
03
442
10
03
093
10
03
248
10
03
364
10
03
789
10
03
714
10
03
448
10
03
751
10
03
326
10
03
224
10
03
201
10
03
675
10
03
516
10
03
162
10
03
814
10
03
502
10
03
301
10
03
265
10
03
845
10
026
10
03
681
10
03
986
10
03
720
10
03
794
10
03
790
10
03
182
10
629
10
03
446
10
03
835
10
03
319
10
03
856
10
03
579
10
03
994
10
03
119
10
03
682
10
03
994
10
03
592
10
03
181
10
03
838
10
03
179
10
03
177
10
03
749
10
03
366
10
03
486
10
03
866
10
03
236
10
03
248
10
03
326
10
03
843
10
03
326