943
573
383
943
934
943
733
943
417
943
897
943
565
943
199
943
204
943
528
943
374
943
660
943
643
943
553
943
891
943
812
943
240
943
585
943
464
943
173
943
341
943
154
943
943
943
288
943
114
943
648
943
639
943
862
943
357
943
522
943
473
943
744
943
974
943
378
943
938
943
709
943
700
943
439
943
274
943
263
943
238
943
294
943
079
943
583
943
220
943
699
943
792
943
332
943
748
943
313
943
127
943
236
943
899
934
50
837
943
739
943
998
943
563
943
182
943
834
943
943
943
599
943
441
943
041
943
484
943
583
943
482
943
394
943
861
943
242
943
348
943
129
943
614
943
382
943
741
943
651
943
473
943
483
934
181
943
512
943
476
943
744
934
50
506
943
887
943
979
934
50
658
943
631
943
757
943
498
943
945
943
808
943
821
943
766
943
496
943
502
943
674
943
689
943
566
943
187
943
521
943
162
943
649
943
547
943
374